fecha	cols	rows	boosting	objective	metric	first_metric_only	boost_from_average	feature_pre_filter	force_row_wise	verbosity	max_depth	min_gain_to_split	min_sum_hessian_in_leaf	lambda_l1	lambda_l2	max_bin	num_iterations	bagging_fraction	pos_bagging_fraction	neg_bagging_fraction	is_unbalance	scale_pos_weight	drop_rate	max_drop	skip_drop	extra_trees	seed	learning_rate	feature_fraction	num_leaves	min_data_in_leaf	estimulos	ganancia	iteracion_bayesiana
20231121 015710	604	1884614	gbdt	binary	custom	TRUE	TRUE	FALSE	TRUE	-100	-1	0	0.001	0	0	31	108	1	1	1	FALSE	1	0.1	50	0.5	TRUE	108967	0.221980282064178	0.0803440961432352	298	12395	8194	77452554.7226387	1
20231121 020400	604	1884614	gbdt	binary	custom	TRUE	TRUE	FALSE	TRUE	-100	-1	0	0.001	0	0	31	64	1	1	1	FALSE	1	0.1	50	0.5	TRUE	108967	0.134882393101579	0.714245042846596	678	4376	8980	75787716.141929	2
20231121 021554	604	1884614	gbdt	binary	custom	TRUE	TRUE	FALSE	TRUE	-100	-1	0	0.001	0	0	31	428	1	1	1	FALSE	1	0.1	50	0.5	TRUE	108967	0.0628189732675673	0.409076460650685	712	36034	10434	81482119.94003	3
20231121 022355	604	1884614	gbdt	binary	custom	TRUE	TRUE	FALSE	TRUE	-100	-1	0	0.001	0	0	31	142	1	1	1	FALSE	1	0.1	50	0.5	TRUE	108967	0.198516485039145	0.44682528895486	147	19727	10127	79151959.5202399	4
20231121 022849	604	1884614	gbdt	binary	custom	TRUE	TRUE	FALSE	TRUE	-100	-1	0	0.001	0	0	31	89	1	1	1	FALSE	1	0.1	50	0.5	TRUE	108967	0.246740918922005	0.92936451900925	478	27167	9601	77846013.4932534	5
20231121 023440	604	1884614	gbdt	binary	custom	TRUE	TRUE	FALSE	TRUE	-100	-1	0	0.001	0	0	31	689	1	1	1	FALSE	1	0.1	50	0.5	TRUE	108967	0.156385578808258	0.0193446946676704	559	23378	7986	76697380.3098451	6
20231121 024343	604	1884614	gbdt	binary	custom	TRUE	TRUE	FALSE	TRUE	-100	-1	0	0.001	0	0	31	169	1	1	1	FALSE	1	0.1	50	0.5	TRUE	108967	0.179513220834197	0.533150968309492	393	29356	7837	77414903.0484758	7
20231121 025057	604	1884614	gbdt	binary	custom	TRUE	TRUE	FALSE	TRUE	-100	-1	0	0.001	0	0	31	135	1	1	1	FALSE	1	0.1	50	0.5	TRUE	108967	0.170419282851508	0.586586416774517	942	46272	12084	75264573.7131434	8
20231121 025945	604	1884614	gbdt	binary	custom	TRUE	TRUE	FALSE	TRUE	-100	-1	0	0.001	0	0	31	220	1	1	1	FALSE	1	0.1	50	0.5	TRUE	108967	0.0742812723119277	0.291582851048443	588	9244	8827	83192929.0354823	9
20231121 030510	604	1884614	gbdt	binary	custom	TRUE	TRUE	FALSE	TRUE	-100	-1	0	0.001	0	0	31	221	1	1	1	FALSE	1	0.1	50	0.5	TRUE	108967	0.259476162962383	0.82956067257197	334	48752	9160	76361079.4602699	10
20231121 031039	604	1884614	gbdt	binary	custom	TRUE	TRUE	FALSE	TRUE	-100	-1	0	0.001	0	0	31	98	1	1	1	FALSE	1	0.1	50	0.5	TRUE	108967	0.121226726248278	0.970037545386731	978	16630	10330	80452178.9105447	11
20231121 032509	604	1884614	gbdt	binary	custom	TRUE	TRUE	FALSE	TRUE	-100	-1	0	0.001	0	0	31	917	1	1	1	FALSE	1	0.1	50	0.5	TRUE	108967	0.090718721630983	0.250863193025289	121	39495	9182	81330757.6211894	12
20231121 035741	604	1884614	gbdt	binary	custom	TRUE	TRUE	FALSE	TRUE	-100	-1	0	0.001	0	0	31	2236	1	1	1	FALSE	1	0.1	50	0.5	TRUE	108967	0.0361041067278711	0.336159723671881	853	41064	10082	82551997.0014993	13
20231121 040354	604	1884614	gbdt	binary	custom	TRUE	TRUE	FALSE	TRUE	-100	-1	0	0.001	0	0	31	147	1	1	1	FALSE	1	0.1	50	0.5	TRUE	108967	0.271255173852551	0.65879299230277	253	1794	8097	70080120.4397801	14
20231121 042401	604	1884614	gbdt	binary	custom	TRUE	TRUE	FALSE	TRUE	-100	-1	0	0.001	0	0	31	2703	1	1	1	FALSE	1	0.1	50	0.5	TRUE	108967	0.043101552578737	0.783719447433541	24	14711	9680	83009435.2823588	15
20231121 042844	604	1884614	gbdt	binary	custom	TRUE	TRUE	FALSE	TRUE	-100	-1	0	0.001	0	0	31	68	1	1	1	FALSE	1	0.1	50	0.5	TRUE	108967	0.286950974153588	0.195369304275955	779	32398	10308	72441821.0894553	16
20231121 045435	604	1884614	gbdt	binary	custom	TRUE	TRUE	FALSE	TRUE	-100	-1	0	0.001	0	0	31	1542	1	1	1	FALSE	1	0.1	50	0.5	TRUE	108967	0.0200637992269211	0.333124276785489	66	9269	8207	81796357.3213393	17
20231121 051122	604	1884614	gbdt	binary	custom	TRUE	TRUE	FALSE	TRUE	-100	-1	0	0.001	0	0	31	686	1	1	1	FALSE	1	0.1	50	0.5	TRUE	108967	0.0416285361956139	0.403363937706469	874	15381	9178	83766533.7331334	18
20231121 053237	604	1884614	gbdt	binary	custom	TRUE	TRUE	FALSE	TRUE	-100	-1	0	0.001	0	0	31	3743	1	1	1	FALSE	1	0.1	50	0.5	TRUE	108967	0.0452556408848892	0.0106834686835046	430	17729	9043	80468855.0724638	19
20231121 054709	604	1884614	gbdt	binary	custom	TRUE	TRUE	FALSE	TRUE	-100	-1	0	0.001	0	0	31	455	1	1	1	FALSE	1	0.1	50	0.5	TRUE	108967	0.0357710499521233	0.73090766382152	1022	4066	8818	84425884.057971	20
20231121 055357	604	1884614	gbdt	binary	custom	TRUE	TRUE	FALSE	TRUE	-100	-1	0	0.001	0	0	31	131	1	1	1	FALSE	1	0.1	50	0.5	TRUE	108967	0.0733033084873554	0.9991955736293	1021	9679	11664	79569031.4842579	21
20231121 060915	604	1884614	gbdt	binary	custom	TRUE	TRUE	FALSE	TRUE	-100	-1	0	0.001	0	0	31	735	1	1	1	FALSE	1	0.1	50	0.5	TRUE	108967	0.0329862945499683	0.674954796548474	701	7402	9606	81657970.0149925	22
20231121 061945	604	1884614	gbdt	binary	custom	TRUE	TRUE	FALSE	TRUE	-100	-1	0	0.001	0	0	31	91	1	1	1	FALSE	1	0.1	50	0.5	TRUE	108967	0.0418316431935931	0.440354182426428	1024	262	9782	82575155.4222888	23
20231121 063924	604	1884614	gbdt	binary	custom	TRUE	TRUE	FALSE	TRUE	-100	-1	0	0.001	0	0	31	1305	1	1	1	FALSE	1	0.1	50	0.5	TRUE	108967	0.0201584117143856	0.776587110982799	1024	16745	10496	82619814.0929535	24
20231121 065609	604	1884614	gbdt	binary	custom	TRUE	TRUE	FALSE	TRUE	-100	-1	0	0.001	0	0	31	918	1	1	1	FALSE	1	0.1	50	0.5	TRUE	108967	0.0411005027824973	0.272944590914184	901	14201	8374	81990415.7921039	25
20231121 070737	604	1884614	gbdt	binary	custom	TRUE	TRUE	FALSE	TRUE	-100	-1	0	0.001	0	0	31	629	1	1	1	FALSE	1	0.1	50	0.5	TRUE	108967	0.041503788538712	0.755375894947727	1024	19167	10137	81385067.966017	26
20231121 072235	604	1884614	gbdt	binary	custom	TRUE	TRUE	FALSE	TRUE	-100	-1	0	0.001	0	0	31	425	1	1	1	FALSE	1	0.1	50	0.5	TRUE	108967	0.0330083185102818	0.605276598801129	916	102	9220	79810564.7176412	27
20231121 073846	604	1884614	gbdt	binary	custom	TRUE	TRUE	FALSE	TRUE	-100	-1	0	0.001	0	0	31	259	1	1	1	FALSE	1	0.1	50	0.5	TRUE	108967	0.020013398569371	0.777111357832147	879	827	9146	85071073.4632684	28
20231121 075608	604	1884614	gbdt	binary	custom	TRUE	TRUE	FALSE	TRUE	-100	-1	0	0.001	0	0	31	638	1	1	1	FALSE	1	0.1	50	0.5	TRUE	108967	0.0201164359207409	0.769310706333569	353	3078	9809	83095180.9095452	29
20231121 080816	604	1884614	gbdt	binary	custom	TRUE	TRUE	FALSE	TRUE	-100	-1	0	0.001	0	0	31	251	1	1	1	FALSE	1	0.1	50	0.5	TRUE	108967	0.0299952035269611	0.8144917306948	897	3024	8286	83384286.8565717	30
20231121 081705	604	1884614	gbdt	binary	custom	TRUE	TRUE	FALSE	TRUE	-100	-1	0	0.001	0	0	31	184	1	1	1	FALSE	1	0.1	50	0.5	TRUE	108967	0.0858357058331241	0.364386527042483	1024	8950	8275	82197438.7806097	31
20231121 082810	604	1884614	gbdt	binary	custom	TRUE	TRUE	FALSE	TRUE	-100	-1	0	0.001	0	0	31	409	1	1	1	FALSE	1	0.1	50	0.5	TRUE	108967	0.0583267892685191	0.341832648992118	423	21937	10747	80299035.982009	32
20231121 083735	604	1884614	gbdt	binary	custom	TRUE	TRUE	FALSE	TRUE	-100	-1	0	0.001	0	0	31	572	1	1	1	FALSE	1	0.1	50	0.5	TRUE	108967	0.0770217213160823	0.209488899439996	65	112	8730	78150749.6251874	33
20231121 090113	604	1884614	gbdt	binary	custom	TRUE	TRUE	FALSE	TRUE	-100	-1	0	0.001	0	0	31	1013	1	1	1	FALSE	1	0.1	50	0.5	TRUE	108967	0.0200412649167205	0.397789718628461	737	7259	10173	83187380.8095952	34
20231121 093234	604	1884614	gbdt	binary	custom	TRUE	TRUE	FALSE	TRUE	-100	-1	0	0.001	0	0	31	1516	1	1	1	FALSE	1	0.1	50	0.5	TRUE	108967	0.020010161488237	0.461397940699426	1024	15153	9831	83179481.7591204	35
20231121 102756	604	1884614	gbdt	binary	custom	TRUE	TRUE	FALSE	TRUE	-100	-1	0	0.001	0	0	31	4673	1	1	1	FALSE	1	0.1	50	0.5	TRUE	108967	0.0201195713486235	0.252999626011029	687	49984	9935	82403065.9670165	36
20231121 105813	604	1884614	gbdt	binary	custom	TRUE	TRUE	FALSE	TRUE	-100	-1	0	0.001	0	0	31	5431	1	1	1	FALSE	1	0.1	50	0.5	TRUE	108967	0.020116877636453	0.903724599665984	8	25989	10970	82870729.6351824	37
20231121 111556	604	1884614	gbdt	binary	custom	TRUE	TRUE	FALSE	TRUE	-100	-1	0	0.001	0	0	31	2714	1	1	1	FALSE	1	0.1	50	0.5	TRUE	108967	0.0200494012461665	0.8025121134275	8	39337	10160	81295292.3538231	38
20231121 112955	604	1884614	gbdt	binary	custom	TRUE	TRUE	FALSE	TRUE	-100	-1	0	0.001	0	0	31	2231	1	1	1	FALSE	1	0.1	50	0.5	TRUE	108967	0.0790548790020692	0.981425228708697	8	37891	10168	81449047.4762619	39
20231121 115201	604	1884614	gbdt	binary	custom	TRUE	TRUE	FALSE	TRUE	-100	-1	0	0.001	0	0	31	2766	1	1	1	FALSE	1	0.1	50	0.5	TRUE	108967	0.0200442115265295	0.0862290614938621	8	49816	9928	78350716.6416792	40
20231121 121723	604	1884614	gbdt	binary	custom	TRUE	TRUE	FALSE	TRUE	-100	-1	0	0.001	0	0	31	1557	1	1	1	FALSE	1	0.1	50	0.5	TRUE	108967	0.0432545415583099	0.451874572833257	24	11409	8647	82261344.8275862	41
20231121 123015	604	1884614	gbdt	binary	custom	TRUE	TRUE	FALSE	TRUE	-100	-1	0	0.001	0	0	31	708	1	1	1	FALSE	1	0.1	50	0.5	TRUE	108967	0.0892073062512008	0.289940235065642	1001	49910	9422	82551507.2463768	42
20231121 123727	604	1884614	gbdt	binary	custom	TRUE	TRUE	FALSE	TRUE	-100	-1	0	0.001	0	0	31	1016	1	1	1	FALSE	1	0.1	50	0.5	TRUE	108967	0.0803016255310626	0.918818232144049	8	14598	9509	81579808.5957021	43
20231121 134628	604	1884614	gbdt	binary	custom	TRUE	TRUE	FALSE	TRUE	-100	-1	0	0.001	0	0	31	6197	1	1	1	FALSE	1	0.1	50	0.5	TRUE	108967	0.0259411144056389	0.309974265495736	8	50000	9859	82454406.2968516	44
20231121 142443	604	1884614	gbdt	binary	custom	TRUE	TRUE	FALSE	TRUE	-100	-1	0	0.001	0	0	31	2413	1	1	1	FALSE	1	0.1	50	0.5	TRUE	108967	0.0201831477094392	0.405878680454492	946	49982	10205	81472286.3568216	45
20231121 145750	604	1884614	gbdt	binary	custom	TRUE	TRUE	FALSE	TRUE	-100	-1	0	0.001	0	0	31	3407	1	1	1	FALSE	1	0.1	50	0.5	TRUE	108967	0.0201430753513017	0.948099081117317	841	49978	9982	82221272.3638181	46
20231121 150755	604	1884614	gbdt	binary	custom	TRUE	TRUE	FALSE	TRUE	-100	-1	0	0.001	0	0	31	231	1	1	1	FALSE	1	0.1	50	0.5	TRUE	108967	0.0755213283481822	0.438179075257734	779	11506	8866	80677970.0149925	47
20231121 151523	604	1884614	gbdt	binary	custom	TRUE	TRUE	FALSE	TRUE	-100	-1	0	0.001	0	0	31	67	1	1	1	FALSE	1	0.1	50	0.5	TRUE	108967	0.126301598241194	0.292834583688807	976	1890	7667	79657736.6316842	48
20231121 153128	604	1884614	gbdt	binary	custom	TRUE	TRUE	FALSE	TRUE	-100	-1	0	0.001	0	0	31	1463	1	1	1	FALSE	1	0.1	50	0.5	TRUE	108967	0.0481394661531292	0.905060956666362	42	49932	9922	80775725.1374313	49
20231121 154409	604	1884614	gbdt	binary	custom	TRUE	TRUE	FALSE	TRUE	-100	-1	0	0.001	0	0	31	798	1	1	1	FALSE	1	0.1	50	0.5	TRUE	108967	0.0200334582249914	0.999517844544788	429	32191	10615	80986274.3628186	50
20231121 155243	604	1884614	gbdt	binary	custom	TRUE	TRUE	FALSE	TRUE	-100	-1	0	0.001	0	0	31	588	1	1	1	FALSE	1	0.1	50	0.5	TRUE	108967	0.115397069031908	0.99998042669443	1022	49935	9656	80952267.866067	51
20231121 161531	604	1884614	gbdt	binary	custom	TRUE	TRUE	FALSE	TRUE	-100	-1	0	0.001	0	0	31	1254	1	1	1	FALSE	1	0.1	50	0.5	TRUE	108967	0.0200735001880154	0.491841821386105	8	38411	9402	78986439.7801099	52
20231121 162836	604	1884614	gbdt	binary	custom	TRUE	TRUE	FALSE	TRUE	-100	-1	0	0.001	0	0	31	992	1	1	1	FALSE	1	0.1	50	0.5	TRUE	108967	0.0577516220698221	0.918324467234779	1023	34717	9362	81820162.9185407	53
20231121 163810	604	1884614	gbdt	binary	custom	TRUE	TRUE	FALSE	TRUE	-100	-1	0	0.001	0	0	31	124	1	1	1	FALSE	1	0.1	50	0.5	TRUE	108967	0.0440812046630425	0.323800407077463	1024	250	9502	80863951.0244877	54
20231121 164729	604	1884614	gbdt	binary	custom	TRUE	TRUE	FALSE	TRUE	-100	-1	0	0.001	0	0	31	1384	1	1	1	FALSE	1	0.1	50	0.5	TRUE	108967	0.0692700186900317	0.84923951924392	8	26447	9539	82426560.2198901	55
20231121 170301	604	1884614	gbdt	binary	custom	TRUE	TRUE	FALSE	TRUE	-100	-1	0	0.001	0	0	31	1040	1	1	1	FALSE	1	0.1	50	0.5	TRUE	108967	0.145729063987461	0.323248361452948	9	49981	11454	80547317.3413293	56
20231121 172705	604	1884614	gbdt	binary	custom	TRUE	TRUE	FALSE	TRUE	-100	-1	0	0.001	0	0	31	979	1	1	1	FALSE	1	0.1	50	0.5	TRUE	108967	0.02017774977968	0.750066322425991	1022	141	7432	81121107.4462769	57
20231121 173341	604	1884614	gbdt	binary	custom	TRUE	TRUE	FALSE	TRUE	-100	-1	0	0.001	0	0	31	722	1	1	1	FALSE	1	0.1	50	0.5	TRUE	108967	0.128034835518116	0.0118447484643542	710	111	9966	76616570.7146427	58
20231121 175520	604	1884614	gbdt	binary	custom	TRUE	TRUE	FALSE	TRUE	-100	-1	0	0.001	0	0	31	983	1	1	1	FALSE	1	0.1	50	0.5	TRUE	108967	0.0477930800382701	0.566750199553545	923	37688	11209	79479388.8055972	59
20231121 180329	604	1884614	gbdt	binary	custom	TRUE	TRUE	FALSE	TRUE	-100	-1	0	0.001	0	0	31	154	1	1	1	FALSE	1	0.1	50	0.5	TRUE	108967	0.201723702091428	0.45072907678049	311	270	11210	67200804.5977011	60
20231121 181833	604	1884614	gbdt	binary	custom	TRUE	TRUE	FALSE	TRUE	-100	-1	0	0.001	0	0	31	1124	1	1	1	FALSE	1	0.1	50	0.5	TRUE	108967	0.0200306607008445	0.993609569430425	142	1806	8887	84616507.2463768	61
20231121 184050	604	1884614	gbdt	binary	custom	TRUE	TRUE	FALSE	TRUE	-100	-1	0	0.001	0	0	31	1026	1	1	1	FALSE	1	0.1	50	0.5	TRUE	108967	0.042469541824753	0.408481319860198	775	9180	9495	79742996.001999	62
20231121 184634	604	1884614	gbdt	binary	custom	TRUE	TRUE	FALSE	TRUE	-100	-1	0	0.001	0	0	31	192	1	1	1	FALSE	1	0.1	50	0.5	TRUE	108967	0.260676087249076	0.170088615595345	750	27154	7707	72443083.958021	63
20231121 190205	604	1884614	gbdt	binary	custom	TRUE	TRUE	FALSE	TRUE	-100	-1	0	0.001	0	0	31	1943	1	1	1	FALSE	1	0.1	50	0.5	TRUE	108967	0.0205533217096141	0.971464197040062	95	106	8978	83156438.7806097	64
20231121 191445	604	1884614	gbdt	binary	custom	TRUE	TRUE	FALSE	TRUE	-100	-1	0	0.001	0	0	31	623	1	1	1	FALSE	1	0.1	50	0.5	TRUE	108967	0.0353486423106804	0.79090381590264	914	11970	8869	82415750.6246877	65
20231121 193741	604	1884614	gbdt	binary	custom	TRUE	TRUE	FALSE	TRUE	-100	-1	0	0.001	0	0	31	1514	1	1	1	FALSE	1	0.1	50	0.5	TRUE	108967	0.0200111290009094	0.789122175754916	784	13266	9500	83519130.4347826	66
